seed: 0
dropout_rate: 0.1468558190536503
batch_size: 4
hidden_dim: 256
residual_layers: 21
num_heads_visnet: 16
num_heads_Transformer: 8
num_encoder_layers: 7
num_decoder_layers: 7
num_layers_visnet: 11
num_rbf: 64
lmax: 2
trainable_rbf: false
vecnorm_trainable: false
lr: 2.7505276550136346e-05
weight_decay: 4.02688016652314e-05
lr_factor: 0.794620587116932
lr_patience: 4
lr_min: 1.6535440079417535e-08
loss_alpha: 0.3214576710484223
loss_gamma: 3.289689652508993
