batch_size: 3
dropout_rate: 0.28787234066691225
hidden_dim: 512
lmax: 1
loss_alpha: 0.22797859407669255
loss_gamma: 3.7892388282479494
lr: 0.0009940752078982107
lr_factor: 0.7141215997862195
lr_min: 3.481605023759875e-08
lr_patience: 10
num_decoder_layers: 7
num_encoder_layers: 5
num_heads_Transformer: 16
num_heads_visnet: 32
num_layers_visnet: 11
num_rbf: 128
residual_layers: 15
results_dir: vis_rec
seed: 1
trainable_rbf: true
vecnorm_trainable: true
weight_decay: 1.8495701058525663e-05
